# Time[Gyr], a_x[km/s/Gyr], a_y[km/s/Gyr], a_z[km/s/Gyr]
-1.000000000000000000e+01 -9.090671085605308566e-01 -8.409615372234264807e-01 4.284447467153669642e+00
-9.984375000000000000e+00 -9.167959190931620483e-01 -8.354895023624570038e-01 4.330201001819967033e+00
-9.968750000000000000e+00 -9.246354094558124626e-01 -8.297638681299710495e-01 4.376739238124295106e+00
-9.953125000000000000e+00 -9.325887864001876082e-01 -8.237498254952352328e-01 4.424105212551205923e+00
-9.937500000000000000e+00 -9.406586436621179326e-01 -8.174364329547435526e-01 4.472321000191770146e+00
-9.921875000000000000e+00 -9.488476890291913657e-01 -8.108202294055449899e-01 4.521403777228790055e+00
-9.906250000000000000e+00 -9.571582036764018087e-01 -8.038897275854888225e-01 4.571374340370903511e+00
-9.890625000000000000e+00 -9.655925619948662053e-01 -7.966344283860559150e-01 4.622253267182276915e+00
-9.875000000000000000e+00 -9.741522523298487002e-01 -7.890229288214034575e-01 4.674071784108008387e+00
-9.859375000000000000e+00 -9.828401533656863087e-01 -7.810516794560448117e-01 4.726848058812086251e+00
-9.843750000000000000e+00 -9.916589850785997307e-01 -7.727121725850867318e-01 4.780603055048549876e+00
-9.828125000000000000e+00 -1.000611430045031502e+00 -7.639916212740478496e-01 4.835360696846503714e+00
-9.812500000000000000e+00 -1.009699982043035238e+00 -7.548734625872056681e-01 4.891146683151791130e+00
-9.796875000000000000e+00 -1.018924970614197845e+00 -7.453131661693345178e-01 4.947995698138274889e+00
-9.781250000000000000e+00 -1.028291046460020119e+00 -7.353180506517779103e-01 5.005927430590009664e+00
-9.765625000000000000e+00 -1.037801327087734871e+00 -7.248757788543475078e-01 5.064967822304100586e+00
-9.750000000000000000e+00 -1.047458684024810571e+00 -7.139703196480928771e-01 5.125144217804800562e+00
-9.734375000000000000e+00 -1.057265052041684195e+00 -7.025710509820913829e-01 5.186489686945807698e+00
-9.718750000000000000e+00 -1.067221929921699175e+00 -6.906390655309773141e-01 5.249041063169004318e+00
-9.703125000000000000e+00 -1.077333935140524002e+00 -6.781771960125736465e-01 5.312821178112138831e+00
-9.687500000000000000e+00 -1.087604254786707525e+00 -6.651662617008960998e-01 5.377861403530266315e+00
-9.671875000000000000e+00 -1.098036926873316110e+00 -6.515921825304997750e-01 5.444193937061608146e+00
-9.656250000000000000e+00 -1.108630930849069385e+00 -6.373926011983066520e-01 5.511859347523338393e+00
-9.640625000000000000e+00 -1.119389164937690806e+00 -6.225395884533533319e-01 5.580893912199504037e+00
-9.625000000000000000e+00 -1.130318403594232857e+00 -6.070397514360195146e-01 5.651329312428170937e+00
-9.609375000000000000e+00 -1.141421850008946581e+00 -5.908654025730261106e-01 5.723203293729127950e+00
-9.593750000000000000e+00 -1.152702832749597839e+00 -5.739877964900923502e-01 5.796555063554796661e+00
-9.578125000000000000e+00 -1.164161287088218533e+00 -5.563492117286797933e-01 5.871426917933618483e+00
-9.562500000000000000e+00 -1.175801748297550242e+00 -5.379273363885566095e-01 5.947859824225583125e+00
-9.546875000000000000e+00 -1.187628593149716805e+00 -5.186976088416879183e-01 6.025895553742384614e+00
-9.531250000000000000e+00 -1.199645148310709564e+00 -4.986263846771809560e-01 6.105576917260763459e+00
-9.515625000000000000e+00 -1.211853185748413830e+00 -4.776524705219088451e-01 6.186958699209093027e+00
-9.500000000000000000e+00 -1.224257139007413064e+00 -4.557533091366732236e-01 6.270081490582642303e+00
-9.484375000000000000e+00 -1.236861148805753041e+00 -4.328952387479153563e-01 6.354992515263678143e+00
-9.468750000000000000e+00 -1.249668934813518151e+00 -4.090345489631010412e-01 6.441744147356518901e+00
-9.453125000000000000e+00 -1.262678339446357656e+00 -3.840971640002374121e-01 6.530379474456874611e+00
-9.437500000000000000e+00 -1.275897803117512108e+00 -3.580585361635134634e-01 6.620962192335226426e+00
-9.421875000000000000e+00 -1.289332115505373189e+00 -3.308764983142941096e-01 6.713549304804555362e+00
-9.406250000000000000e+00 -1.302983894778264373e+00 -3.024943644841168178e-01 6.808196834594750335e+00
-9.390625000000000000e+00 -1.316852972951150669e+00 -2.728215827997836351e-01 6.904970777162828810e+00
-9.375000000000000000e+00 -1.330945698197907534e+00 -2.418332464728258357e-01 7.003923802967070955e+00
-9.359375000000000000e+00 -1.345266551973593128e+00 -2.094769832988578606e-01 7.105118798969094485e+00
-9.343750000000000000e+00 -1.359817092103192682e+00 -1.756776376673840623e-01 7.208619699212073684e+00
-9.328125000000000000e+00 -1.374593663943376454e+00 -1.403290683570170283e-01 7.314485218056208993e+00
-9.312500000000000000e+00 -1.389608503352281810e+00 -1.034017847137624346e-01 7.422803178043999139e+00
-9.296875000000000000e+00 -1.404867318040462720e+00 -6.483064152955311799e-02 7.533652525360290397e+00
-9.281250000000000000e+00 -1.420367808728859593e+00 -2.451448610277591478e-02 7.647095585589318567e+00
-9.265625000000000000e+00 -1.436102357010548891e+00 1.767040338944720138e-02 7.763182672113713600e+00
-9.250000000000000000e+00 -1.452087641421817121e+00 6.175723421173926614e-02 7.882028331171701652e+00
-9.234375000000000000e+00 -1.468327898521755381e+00 1.078276090050795111e-01 8.003715730314704402e+00
-9.218750000000000000e+00 -1.484819330037041363e+00 1.560182958838787770e-01 8.128325423494096924e+00
-9.203125000000000000e+00 -1.501558747588400466e+00 2.064675583390978841e-01 8.255942370978601730e+00
-9.187500000000000000e+00 -1.518556369470377199e+00 2.592208938904380089e-01 8.386655343472876112e+00
-9.171875000000000000e+00 -1.535816986118979655e+00 3.143806353989872515e-01 8.520565810181654598e+00
-9.156250000000000000e+00 -1.553327613806024132e+00 3.721306803415579956e-01 8.657739579963193322e+00
-9.140625000000000000e+00 -1.571085190030243162e+00 4.326222335281516562e-01 8.798271851949573730e+00
-9.125000000000000000e+00 -1.589107935883241174e+00 4.959238713581945457e-01 8.942311637153567361e+00
-9.109375000000000000e+00 -1.607395341499370023e+00 5.621815327454149358e-01 9.089964031228268126e+00
-9.093750000000000000e+00 -1.625937750216006394e+00 6.315810840533987447e-01 9.241314243242884530e+00
-9.078125000000000000e+00 -1.644732176579655203e+00 7.042904515183007197e-01 9.396470252757373132e+00
-9.062500000000000000e+00 -1.663781084499998952e+00 7.804646593802334609e-01 9.555559903605733041e+00
-9.046875000000000000e+00 -1.683075994113474305e+00 8.603055825067992268e-01 9.718686599256832537e+00
-9.031250000000000000e+00 -1.702616263961755472e+00 9.439947985558152510e-01 9.885981046337692035e+00
-9.015625000000000000e+00 -1.722398632395172102e+00 1.031730841669067811e+00 1.005757235056894316e+01
-9.000000000000000000e+00 -1.742409526162054911e+00 1.123754970336789283e+00 1.023356551536039660e+01
-8.984375000000000000e+00 -1.762647669204059131e+00 1.220278679255883736e+00 1.041410993660116091e+01
-8.968750000000000000e+00 -1.783104162715894558e+00 1.321546062483803796e+00 1.059933795060814887e+01
-8.953125000000000000e+00 -1.803760335030675677e+00 1.427839430573110802e+00 1.078935738758265828e+01
-8.937500000000000000e+00 -1.824613170218300828e+00 1.539410399540118934e+00 1.098433789623869927e+01
-8.921875000000000000e+00 -1.845645473475223453e+00 1.656558898130018109e+00 1.118440829723119379e+01
-8.906250000000000000e+00 -1.866833851745598905e+00 1.779614154938699455e+00 1.138968560116100015e+01
-8.890625000000000000e+00 -1.888171319944112803e+00 1.908878871829444934e+00 1.160035578837808679e+01
-8.875000000000000000e+00 -1.909628196539521205e+00 2.044717891462445536e+00 1.181652824844660010e+01
-8.859375000000000000e+00 -1.931176285279422977e+00 2.187512727400732437e+00 1.203833270433761626e+01
-8.843750000000000000e+00 -1.952802869475644076e+00 2.337637555764554342e+00 1.226597701738068480e+01
-8.828125000000000000e+00 -1.974462310768436257e+00 2.495534267624748281e+00 1.249954138205080945e+01
-8.812500000000000000e+00 -1.996122098285364910e+00 2.661648074282541465e+00 1.273917930658327258e+01
-8.796875000000000000e+00 -2.017756677908848051e+00 2.836437303534369736e+00 1.298509154740540161e+01
-8.781250000000000000e+00 -2.039298404219900718e+00 3.020424846035535626e+00 1.323729936361164405e+01
-8.765625000000000000e+00 -2.060710823534900538e+00 3.214144267827570456e+00 1.349600027792165768e+01
-8.750000000000000000e+00 -2.081947126269421577e+00 3.418162039459588630e+00 1.376136022874478826e+01
-8.734375000000000000e+00 -2.102933997235018282e+00 3.633090969293402139e+00 1.403343632912906891e+01
-8.718750000000000000e+00 -2.123607050284711750e+00 3.859575668165325713e+00 1.431235738042801842e+01
-8.703125000000000000e+00 -2.143886849179066356e+00 4.098301712758736670e+00 1.459820123396273672e+01
-8.687500000000000000e+00 -2.163693119875440551e+00 4.350000897044142611e+00 1.489107536755329342e+01
-8.671875000000000000e+00 -2.182927285648411431e+00 4.615440840459871907e+00 1.519101494607796887e+01
-8.656250000000000000e+00 -2.201488356122903500e+00 4.895451634216543724e+00 1.549808825702965542e+01
-8.640625000000000000e+00 -2.219260057308195311e+00 5.190906578450084297e+00 1.581231303848016623e+01
-8.625000000000000000e+00 -2.236114249949926691e+00 5.502734036092697956e+00 1.613368366700086654e+01
-8.609375000000000000e+00 -2.251906161546800789e+00 5.831904626096991784e+00 1.646213597068174650e+01
-8.593750000000000000e+00 -2.266478624271901054e+00 6.179464087422322116e+00 1.679759437516948495e+01
-8.578125000000000000e+00 -2.279665113265870069e+00 6.546532644205419693e+00 1.713998784573173495e+01
-8.562500000000000000e+00 -2.291270452941252866e+00 6.934260687284297120e+00 1.748911298980832996e+01
-8.546875000000000000e+00 -2.301080585526800171e+00 7.343892182559529580e+00 1.784473366005650519e+01
-8.531250000000000000e+00 -2.308860773391143262e+00 7.776704154010748660e+00 1.820652649560441105e+01
-8.515625000000000000e+00 -2.314362472506106716e+00 8.234114650804228219e+00 1.857419783247802414e+01
-8.500000000000000000e+00 -2.317298933657470972e+00 8.717480041568759219e+00 1.894720220991557369e+01
-8.484375000000000000e+00 -2.317361371971412787e+00 9.228424279077797721e+00 1.932507296441182021e+01
-8.468750000000000000e+00 -2.314209580172030378e+00 9.768475944365736297e+00 1.970710333054300278e+01
-8.453125000000000000e+00 -2.307469623293459282e+00 1.033930277562215316e+01 2.009250734502583668e+01
-8.437500000000000000e+00 -2.296734026977561349e+00 1.094262396164331363e+01 2.048035601019944707e+01
-8.421875000000000000e+00 -2.281557139698808800e+00 1.158024567181235298e+01 2.086957853605024127e+01
-8.406250000000000000e+00 -2.261451528057499605e+00 1.225403496443520979e+01 2.125892360389267211e+01
-8.390625000000000000e+00 -2.235890771900314267e+00 1.296588569923976131e+01 2.164694924868334525e+01
-8.375000000000000000e+00 -2.204293618952476219e+00 1.371780282254516692e+01 2.203199962398961276e+01
-8.359375000000000000e+00 -2.166041210192061417e+00 1.451173905356371918e+01 2.241217728626994798e+01
-8.343750000000000000e+00 -2.120451575741150840e+00 1.534976508612047219e+01 2.278533131887592944e+01
-8.328125000000000000e+00 -2.066799234953441200e+00 1.623387104254180002e+01 2.314901637937010292e+01
-8.312500000000000000e+00 -2.004294440389241760e+00 1.716607817801678237e+01 2.350046323470206744e+01
-8.296875000000000000e+00 -1.932089173478492627e+00 1.814836042798471638e+01 2.383655313008364374e+01
-8.281250000000000000e+00 -1.849298964208701879e+00 1.918253890335821410e+01 2.415385761213740068e+01
-8.265625000000000000e+00 -1.754939982354934314e+00 2.027044160480453527e+01 2.444841696154266231e+01
-8.250000000000000000e+00 -1.648006219948884521e+00 2.141361632289144268e+01 2.471594466672370771e+01
-8.234375000000000000e+00 -1.527428465458857021e+00 2.261341884463270091e+01 2.495167114607324876e+01
-8.218750000000000000e+00 -1.392083805267178453e+00 2.387092508920919087e+01 2.515033009988724189e+01
-8.203125000000000000e+00 -1.240808050682495667e+00 2.518684228610396403e+01 2.530615995275916319e+01
-8.187500000000000000e+00 -1.072403149580107629e+00 2.656142858227576653e+01 2.541288443186526536e+01
-8.171875000000000000e+00 -8.856544089572916389e-01 2.799440697266114242e+01 2.546374195559858933e+01
-8.156250000000000000e+00 -6.793387093533092003e-01 2.948482993208266123e+01 2.545142991625001372e+01
-8.140625000000000000e+00 -4.522428018955917950e-01 3.103103130654192654e+01 2.536816788517878507e+01
-8.125000000000000000e+00 -2.032049539306200747e-01 3.263043398925841387e+01 2.520578032491430776e+01
-8.109375000000000000e+00 6.891541629855257867e-02 3.427950914207130495e+01 2.495550247828857593e+01
-8.093750000000000000e+00 3.650722704843215038e-01 3.597346906401593003e+01 2.460864669422212714e+01
-8.078125000000000000e+00 6.861481867534136025e-01 3.770637586527782048e+01 2.415606062351648120e+01
-8.062500000000000000e+00 1.032817241504911943e+00 3.947085491215153041e+01 2.358865565299667466e+01
-8.046875000000000000e+00 1.405520556976449953e+00 4.125803517359145900e+01 2.289749485669669937e+01
-8.031250000000000000e+00 1.804412130749511345e+00 4.305745242717057408e+01 2.207401386087679285e+01
-8.015625000000000000e+00 2.229304873499247552e+00 4.485700298900610505e+01 2.111027799260781990e+01
-8.000000000000000000e+00 2.679612540893783645e+00 4.664290471768253354e+01 1.999926694505885649e+01
-7.984375000000000000e+00 3.154295976811241520e+00 4.839977103497307809e+01 1.873521969411048360e+01
-7.968750000000000000e+00 3.651817680758077778e+00 5.011067657414215404e+01 1.731392830078078049e+01
-7.953125000000000000e+00 4.170096252411832793e+00 5.175731232040682528e+01 1.573309851196262521e+01
-7.937500000000000000e+00 4.706477558298593600e+00 5.332027450040575189e+01 1.399271895376040753e+01
-7.921875000000000000e+00 5.257723103703642487e+00 5.477937816313739461e+01 1.209535561601157028e+01
-7.906250000000000000e+00 5.820016413785599418e+00 5.611407177276973357e+01 1.004642470204189486e+01
-7.890625000000000000e+00 6.388993152203947368e+00 5.730393450647331122e+01 7.854394815600814539e+00
-7.875000000000000000e+00 6.959796043021869494e+00 5.832923060566396600e+01 5.530904104793908260e+00
-7.859375000000000000e+00 7.527157024465084056e+00 5.917151234242902547e+01 3.090759729913161724e+00
-7.843750000000000000e+00 8.085511539830351424e+00 5.981426265474294013e+01 5.517961475894234136e-01
-7.828125000000000000e+00 8.629113034747522448e+00 6.024342705282822408e+01 -2.065349452862749402e+00
-7.812500000000000000e+00 9.152207377919317821e+00 6.044805294227046488e+01 -4.737706091885619308e+00
-7.796875000000000000e+00 9.649167055510281088e+00 6.042068651355096875e+01 -7.440401526526037479e+00
-7.781250000000000000e+00 1.011467840232979398e+01 6.015776880712783026e+01 -1.014737933149912941e+01
-7.765625000000000000e+00 1.054387332504450647e+01 5.965978269577181692e+01 -1.283200259973336976e+01
-7.750000000000000000e+00 1.093251692947286990e+01 5.893136942436981229e+01 -1.546797924392904378e+01
-7.734375000000000000e+00 1.127705964904018643e+01 5.798107018438108895e+01 -1.802983577691622941e+01
-7.718750000000000000e+00 1.157479543157881352e+01 5.682122192587706166e+01 -2.049384825430656321e+01
-7.703125000000000000e+00 1.182387975723791484e+01 5.546739352905859022e+01 -2.283855547481885750e+01
-7.687500000000000000e+00 1.202333674069286928e+01 5.393774031587297202e+01 -2.504527427547363416e+01
-7.671875000000000000e+00 1.217309243022496723e+01 5.225293051726915650e+01 -2.709833478360205916e+01
-7.656250000000000000e+00 1.227387397229534471e+01 5.043459815469062590e+01 -2.898567809515264315e+01
-7.640625000000000000e+00 1.232715378975875353e+01 4.850551612397717349e+01 -3.069842719067744952e+01
-7.625000000000000000e+00 1.233513345991330112e+01 4.648855828961187342e+01 -3.223156674792677734e+01
-7.609375000000000000e+00 1.230037479752684604e+01 4.440585013039029150e+01 -3.358257960487827631e+01
-7.593750000000000000e+00 1.222598399313874928e+01 4.227895392045373057e+01 -3.475230334360606577e+01
-7.578125000000000000e+00 1.211552424417750906e+01 4.012847486799085317e+01 -3.574474978300528250e+01
-7.562500000000000000e+00 1.197238505754278037e+01 3.797235951150745592e+01 -3.656495730569270819e+01
-7.546875000000000000e+00 1.180040584112732382e+01 3.582761484896521154e+01 -3.722108734326849344e+01
-7.531250000000000000e+00 1.160313315570966530e+01 3.370882170199451622e+01 -3.772151282421486229e+01
-7.515625000000000000e+00 1.138428007339984305e+01 3.162884107946260315e+01 -3.807677620206651881e+01
-7.500000000000000000e+00 1.114724480474927581e+01 2.959834792515825441e+01 -3.829733518010375803e+01
-7.484375000000000000e+00 1.089537725383513767e+01 2.762624027977883756e+01 -3.839469946528250688e+01
-7.468750000000000000e+00 1.063164977681101320e+01 2.571943218009619869e+01 -3.837980631653185526e+01
-7.453125000000000000e+00 1.035891575349894289e+01 2.388331137066916909e+01 -3.826407833669710357e+01
-7.437500000000000000e+00 1.007974960892224914e+01 2.212216205131792535e+01 -3.805824753775568325e+01
-7.421875000000000000e+00 9.796427571395300404e+00 2.043835353285309253e+01 -3.777285077631854193e+01
-7.406250000000000000e+00 9.510949961221374593e+00 1.883277773896676166e+01 -3.741802691157407423e+01
-7.390625000000000000e+00 9.225148802397649561e+00 1.730655222064987697e+01 -3.700283966303317129e+01
-7.375000000000000000e+00 8.940557918894903366e+00 1.585917509523242153e+01 -3.653593932293610180e+01
-7.359375000000000000e+00 8.658489975167316999e+00 1.448918079418628224e+01 -3.602549423529847417e+01
-7.343750000000000000e+00 8.380124945718879559e+00 1.319554672761977798e+01 -3.547862925323073569e+01
-7.328125000000000000e+00 8.106276220821547085e+00 1.197540704628448616e+01 -3.490185197206452727e+01
-7.312500000000000000e+00 7.837856927817169250e+00 1.082699382821659384e+01 -3.430139737348422102e+01
-7.296875000000000000e+00 7.575468942518948090e+00 9.747416741536989448e+00 -3.368264938756384907e+01
-7.281250000000000000e+00 7.319580878614578623e+00 8.733814428395893614e+00 -3.305025120349878875e+01
-7.265625000000000000e+00 7.070493814677367261e+00 7.782994703960990357e+00 -3.240818599705865211e+01
-7.250000000000000000e+00 6.828477699389360112e+00 6.891866712948948148e+00 -3.176019409435624397e+01
-7.234375000000000000e+00 6.593883778009706376e+00 6.057952916378997799e+00 -3.111000161169857492e+01
-7.218750000000000000e+00 6.366670359142124980e+00 5.277841436956533627e+00 -3.045990376549776713e+01
-7.203125000000000000e+00 6.146872467693536457e+00 4.548487054045807554e+00 -2.981233902943850111e+01
-7.187500000000000000e+00 5.934604907137888574e+00 3.867277665613174431e+00 -2.916985662017090064e+01
-7.171875000000000000e+00 5.729698173136519301e+00 3.231141742439555209e+00 -2.853381038857509822e+01
-7.156250000000000000e+00 5.532089551072600919e+00 2.637457047534613519e+00 -2.790579881075884572e+01
-7.140625000000000000e+00 5.341698993113013216e+00 2.083732496404720358e+00 -2.728722990570731000e+01
-7.125000000000000000e+00 5.158266041267979496e+00 1.567346897629384284e+00 -2.667863395647517777e+01
-7.109375000000000000e+00 4.981711805186215258e+00 1.086000050160860431e+00 -2.608128420675928183e+01
-7.093750000000000000e+00 4.811872072059528271e+00 6.374767669194296715e-01 -2.549593055390340623e+01
-7.078125000000000000e+00 4.648494573395571372e+00 2.197396859015474657e-01 -2.492271623743431164e+01
-7.062500000000000000e+00 4.491405907139196074e+00 -1.693201012216188073e-01 -2.436226306336746816e+01
-7.046875000000000000e+00 4.340395449156942753e+00 -5.316160309783958260e-01 -2.381484751647165155e+01
-7.031250000000000000e+00 4.195238337505720061e+00 -8.689796194192744849e-01 -2.328060871442864510e+01
-7.015625000000000000e+00 4.055750542823325588e+00 -1.182909516732489230e+00 -2.275966032470427436e+01
-7.000000000000000000e+00 3.921705066809618945e+00 -1.474870254363585209e+00 -2.225185888059519712e+01
-6.984375000000000000e+00 3.792884854404578121e+00 -1.746335860039827548e+00 -2.175712157471748398e+01
-6.968750000000000000e+00 3.669114784018947084e+00 -1.998893912337954326e+00 -2.127567583678923313e+01
-6.953125000000000000e+00 3.550194442672946593e+00 -2.233778998377105474e+00 -2.080735183956304368e+01
-6.937500000000000000e+00 3.435899297666931140e+00 -2.452211788261123182e+00 -2.035183928234513573e+01
-6.921875000000000000e+00 3.326058197635077374e+00 -2.655213030802269003e+00 -1.990896834523948655e+01
-6.906250000000000000e+00 3.220494022733451533e+00 -2.843860930641503248e+00 -1.947857942119654240e+01
-6.890625000000000000e+00 3.119015727382031145e+00 -3.018903886600863284e+00 -1.906019413094355031e+01
-6.875000000000000000e+00 3.021446810635128433e+00 -3.181274885061283975e+00 -1.865354895136616520e+01
-6.859375000000000000e+00 2.927629887815273779e+00 -3.332108747719783715e+00 -1.825863260818655931e+01
-6.843750000000000000e+00 2.837404986709411769e+00 -3.472216389032410699e+00 -1.787518062463917801e+01
-6.828125000000000000e+00 2.750617553903059065e+00 -3.602295616933727906e+00 -1.750287423075411652e+01
-6.812500000000000000e+00 2.667118590178276349e+00 -3.722573512960837050e+00 -1.714107693817399181e+01
-6.796875000000000000e+00 2.586763039898041683e+00 -3.834039709253556083e+00 -1.678973679116548468e+01
-6.781250000000000000e+00 2.509413227492580667e+00 -3.937379741204316996e+00 -1.644861703965252531e+01
-6.765625000000000000e+00 2.434929270400852719e+00 -4.033236696460900106e+00 -1.611743768655417952e+01
-6.750000000000000000e+00 2.363221872789132760e+00 -4.121690426893038328e+00 -1.579577575524145061e+01
-6.734375000000000000e+00 2.294161579067340639e+00 -4.203304884602316882e+00 -1.548334906407016121e+01
-6.718750000000000000e+00 2.227612546898595003e+00 -4.278769340687641254e+00 -1.517993353264731127e+01
-6.703125000000000000e+00 2.163468801268938702e+00 -4.348492155263699033e+00 -1.488525879277893971e+01
-6.687500000000000000e+00 2.101629625348413022e+00 -4.412813957690944200e+00 -1.459903283585281919e+01
-6.671875000000000000e+00 2.041993415360401798e+00 -4.472033586108756786e+00 -1.432092800186678261e+01
-6.656250000000000000e+00 1.984473434420247484e+00 -4.526510346254204897e+00 -1.405074153300016881e+01
-6.640625000000000000e+00 1.928978299242794625e+00 -4.576577896283031244e+00 -1.378822664879930215e+01
-6.625000000000000000e+00 1.875409628094088843e+00 -4.622619268124289249e+00 -1.353313526112977883e+01
-6.609375000000000000e+00 1.823735151436323809e+00 -4.664517026076660855e+00 -1.328520647845631864e+01
-6.593750000000000000e+00 1.773847142074244987e+00 -4.702742391362749963e+00 -1.304420690479765454e+01
-6.578125000000000000e+00 1.725650319560454449e+00 -4.737689834310297776e+00 -1.280991364413628197e+01
-6.562500000000000000e+00 1.679073487685565302e+00 -4.769581457082932907e+00 -1.258210647075306632e+01
-6.546875000000000000e+00 1.634042146128194872e+00 -4.798662677207686578e+00 -1.236056455907746532e+01
-6.531250000000000000e+00 1.590509294633483117e+00 -4.825015670175972105e+00 -1.214509493194505296e+01
-6.515625000000000000e+00 1.548453973628884928e+00 -4.848565227194540306e+00 -1.193552893446405605e+01
-6.500000000000000000e+00 1.507773639732609361e+00 -4.869745579286962389e+00 -1.173163382518376174e+01
-6.484375000000000000e+00 1.468406517031291658e+00 -4.888750215331992166e+00 -1.153321909935271350e+01
-6.468750000000000000e+00 1.430298632906330525e+00 -4.905730680270524502e+00 -1.134010538536272250e+01
-6.453125000000000000e+00 1.393390990134139029e+00 -4.920874275324873537e+00 -1.115211259813690425e+01
-6.437500000000000000e+00 1.357680911333017937e+00 -4.934034368730927156e+00 -1.096911801070101689e+01
-6.421875000000000000e+00 1.323102148824745639e+00 -4.945448663610412687e+00 -1.079093962878572910e+01
-6.406250000000000000e+00 1.289595537845477313e+00 -4.955318840467501929e+00 -1.061740708320171045e+01
-6.390625000000000000e+00 1.257118003880953738e+00 -4.963753922871631197e+00 -1.044836842073211436e+01
-6.375000000000000000e+00 1.225624277198980039e+00 -4.970870258083820659e+00 -1.028366524492192546e+01
-6.359375000000000000e+00 1.195088889625677053e+00 -4.976703693484691549e+00 -1.012318658459752641e+01
-6.343750000000000000e+00 1.165496509383237012e+00 -4.981247856500032434e+00 -9.966844980916327756e+00
-6.328125000000000000e+00 1.136785681910544410e+00 -4.984689382634485355e+00 -9.814446610419697237e+00
-6.312500000000000000e+00 1.108919721087903154e+00 -4.987117270474359820e+00 -9.665859202269420081e+00
-6.296875000000000000e+00 1.081866119783349900e+00 -4.988605975177239138e+00 -9.520962302440294067e+00
-6.281250000000000000e+00 1.055590202171430958e+00 -4.989241913565066078e+00 -9.379632594525425304e+00
-6.265625000000000000e+00 1.030088879547061964e+00 -4.988966634981643722e+00 -9.241810238635293828e+00
-6.250000000000000000e+00 1.005321615829024573e+00 -4.987899351909391044e+00 -9.107364505785238151e+00
-6.234375000000000000e+00 9.812539913670389469e-01 -4.986131035875295936e+00 -8.976176821154663088e+00
-6.218750000000000000e+00 9.578599125147329030e-01 -4.983714843693930696e+00 -8.848145610449583032e+00
-6.203125000000000000e+00 9.351121496274891198e-01 -4.980710254087431288e+00 -8.723167845839247647e+00
-6.187500000000000000e+00 9.129950179283325973e-01 -4.977128345963490297e+00 -8.601167066218627255e+00
-6.171875000000000000e+00 8.914949721370433178e-01 -4.972971625133181917e+00 -8.482072016098948453e+00
-6.156250000000000000e+00 8.705777241169578851e-01 -4.968334003224189388e+00 -8.365766998527682574e+00
-6.140625000000000000e+00 8.502212124118618819e-01 -4.963259009077981787e+00 -8.252165102288264720e+00
-6.125000000000000000e+00 8.304051130230990507e-01 -4.957783508317782584e+00 -8.141183860896221702e+00
-6.109375000000000000e+00 8.111083143981837607e-01 -4.951948073117571347e+00 -8.032739303705017875e+00
-6.093750000000000000e+00 7.923279724709816341e-01 -4.945727679175314861e+00 -7.926797603002377457e+00
-6.078125000000000000e+00 7.740381663794013711e-01 -4.939181528040977653e+00 -7.823262586937993923e+00
-6.062500000000000000e+00 7.562180047137817551e-01 -4.932351927285752780e+00 -7.722052749809888539e+00
-6.046875000000000000e+00 7.388512192952915170e-01 -4.925265347809549610e+00 -7.623099845621593040e+00
-6.031250000000000000e+00 7.219207752555311108e-01 -4.917951279704335654e+00 -7.526333719559828772e+00
-6.015625000000000000e+00 7.054170913238313467e-01 -4.910415157579204326e+00 -7.431706674270913027e+00
-6.000000000000000000e+00 6.893300620789351019e-01 -4.902664608857183914e+00 -7.339169806158333920e+00
-5.984375000000000000e+00 6.736391902819097721e-01 -4.894742246859310697e+00 -7.248643966461114196e+00
-5.968750000000000000e+00 6.583306805360501501e-01 -4.886669282816973769e+00 -7.160070365895459865e+00
-5.953125000000000000e+00 6.433916323584315533e-01 -4.878464502742806630e+00 -7.073393257882490737e+00
-5.937500000000000000e+00 6.288091194202815037e-01 -4.870147298828668703e+00 -6.988557202261792334e+00
-5.921875000000000000e+00 6.145792430609114954e-01 -4.861708588677918996e+00 -6.905534451206354341e+00
-5.906250000000000000e+00 6.006861461712844630e-01 -4.853177999574578294e+00 -6.824261308125934455e+00
-5.890625000000000000e+00 5.871171289322254516e-01 -4.844575630278701972e+00 -6.744684075100652265e+00
-5.875000000000000000e+00 5.738616129432340118e-01 -4.835915157414221177e+00 -6.666755764208920354e+00
-5.859375000000000000e+00 5.609080383335945941e-01 -4.827213102710784298e+00 -6.590426191787172705e+00
-5.843750000000000000e+00 5.482513901638466081e-01 -4.818468597684730348e+00 -6.515667645757834414e+00
-5.828125000000000000e+00 5.358846931969504235e-01 -4.809686272659837059e+00 -6.442445911323544827e+00
-5.812500000000000000e+00 5.237938603675700300e-01 -4.800890311217446360e+00 -6.370702816561333748e+00
-5.796875000000000000e+00 5.119699168660276634e-01 -4.792091509680387773e+00 -6.300397899075335317e+00
-5.781250000000000000e+00 5.004048321883923789e-01 -4.783298510232881107e+00 -6.231494208807248469e+00
-5.765625000000000000e+00 4.890908630958645253e-01 -4.774519484013395321e+00 -6.163955981593455924e+00
-5.750000000000000000e+00 4.780216168082743744e-01 -4.765757850020331254e+00 -6.097751249881385505e+00
-5.734375000000000000e+00 4.671891228326638945e-01 -4.757023562368730474e+00 -6.032844348308472604e+00
-5.718750000000000000e+00 4.565860271695074690e-01 -4.748324625440427660e+00 -5.969201496825116138e+00
-5.703125000000000000e+00 4.462051807263822667e-01 -4.739668366892501261e+00 -5.906789530820633516e+00
-5.687500000000000000e+00 4.360382118423975495e-01 -4.731065276664110364e+00 -5.845571011148295248e+00
-5.671875000000000000e+00 4.260830379832223902e-01 -4.722510659976629555e+00 -5.785531236161047808e+00
-5.656250000000000000e+00 4.163344767072758579e-01 -4.714007528712526707e+00 -5.726644460597619890e+00
-5.640625000000000000e+00 4.067821814637139211e-01 -4.705571740761804733e+00 -5.668866557578702725e+00
-5.625000000000000000e+00 3.974200191632517032e-01 -4.697209115881849861e+00 -5.612168726209009861e+00
-5.609375000000000000e+00 3.882425722070326768e-01 -4.688923901666705696e+00 -5.556524864573914257e+00
-5.593750000000000000e+00 3.792441184476212923e-01 -4.680721164143140101e+00 -5.501907832903510709e+00
-5.578125000000000000e+00 3.704178140093185578e-01 -4.672608666060327209e+00 -5.448286435488717494e+00
-5.562500000000000000e+00 3.617662243531072352e-01 -4.664573163191387373e+00 -5.395664728351530215e+00
-5.546875000000000000e+00 3.532812162935097255e-01 -4.656625499971241311e+00 -5.344006830649899342e+00
-5.531250000000000000e+00 3.449558035686182134e-01 -4.648774158270362555e+00 -5.293281306603843994e+00
-5.515625000000000000e+00 3.367853066415549823e-01 -4.641022611959209954e+00 -5.243465462477298722e+00
-5.500000000000000000e+00 3.287653814972720245e-01 -4.633373703774956276e+00 -5.194537958611950224e+00
-5.484375000000000000e+00 3.208911258546172096e-01 -4.625831544701395792e+00 -5.146475368501542746e+00
-5.468750000000000000e+00 3.131589613806116112e-01 -4.618397630515648444e+00 -5.099259492515265002e+00
-5.453125000000000000e+00 3.055691701057576259e-01 -4.611065557108570800e+00 -5.052887120043899394e+00
-5.437500000000000000e+00 2.981144365190815937e-01 -4.603844701822411345e+00 -5.007325696412809002e+00
-5.421875000000000000e+00 2.907903073706434305e-01 -4.596738693655193941e+00 -4.962553868627572307e+00
-5.406250000000000000e+00 2.835931823418438857e-01 -4.589749515942276759e+00 -4.918553672735734850e+00
-5.390625000000000000e+00 2.765195175730341681e-01 -4.582879134873162563e+00 -4.875307434095665471e+00
-5.375000000000000000e+00 2.695650150931300226e-01 -4.576131153983209465e+00 -4.832794620583142020e+00
-5.359375000000000000e+00 2.627288664648360639e-01 -4.569502184165869174e+00 -4.791008365096641519e+00
-5.343750000000000000e+00 2.560084465325981329e-01 -4.562992590549282745e+00 -4.749934771875429895e+00
-5.328125000000000000e+00 2.493986506090340172e-01 -4.556607878928674360e+00 -4.709550356579367936e+00
-5.312500000000000000e+00 2.428962646601569020e-01 -4.550349826715510915e+00 -4.669839087043472503e+00
-5.296875000000000000e+00 2.364983868628027786e-01 -4.544219649301751929e+00 -4.630786203065626161e+00
-5.281250000000000000e+00 2.302019247002241031e-01 -4.538218905973292472e+00 -4.592376161782171451e+00
-5.265625000000000000e+00 2.240033047264213539e-01 -4.532349984434063117e+00 -4.554591445930378235e+00
-5.250000000000000000e+00 2.179038556108877922e-01 -4.526607635084694437e+00 -4.517435349342598272e+00
-5.234375000000000000e+00 2.118990555003721632e-01 -4.520995791968586808e+00 -4.480886372666266659e+00
-5.218750000000000000e+00 2.059852603443443619e-01 -4.515517117928283142e+00 -4.444926814795485015e+00
-5.203125000000000000e+00 2.001599691712072082e-01 -4.510172561715519279e+00 -4.409543883281240362e+00
-5.187500000000000000e+00 1.944208916803244480e-01 -4.504962815371229112e+00 -4.374725727015709609e+00
-5.171875000000000000e+00 1.887657240681996917e-01 -4.499888745519048605e+00 -4.340460554437655105e+00
-5.156250000000000000e+00 1.831923726914776729e-01 -4.494950735450528256e+00 -4.306737346872071548e+00
-5.140625000000000000e+00 1.776991269556529862e-01 -4.490148210781881311e+00 -4.273546451690661385e+00
-5.125000000000000000e+00 1.722835164020127541e-01 -4.485482787569295304e+00 -4.240875730328736104e+00
-5.109375000000000000e+00 1.669434170985527599e-01 -4.480955226107647960e+00 -4.208714278180322843e+00
-5.093750000000000000e+00 1.616767998193195943e-01 -4.476566084733732076e+00 -4.177051562338741419e+00
-5.078125000000000000e+00 1.564815527019256247e-01 -4.472316061791872244e+00 -4.145876694927195238e+00
-5.062500000000000000e+00 1.513548044225048184e-01 -4.468206912727296753e+00 -4.115175483283151081e+00
-5.046875000000000000e+00 1.462971279439700401e-01 -4.464235862847148795e+00 -4.084948964494547141e+00
-5.031250000000000000e+00 1.413068565629718720e-01 -4.460403115621028647e+00 -4.055188299352414205e+00
-5.015625000000000000e+00 1.363804823951335898e-01 -4.456711371726352233e+00 -4.025876548732131077e+00
-5.000000000000000000e+00 1.315161053566350768e-01 -4.453161267485746144e+00 -3.997003926228883675e+00
-4.984375000000000000e+00 1.267121112545765427e-01 -4.449753099957051816e+00 -3.968561945159494897e+00
-4.968750000000000000e+00 1.219669309278148123e-01 -4.446487143614092474e+00 -3.940542334445351180e+00
-4.953125000000000000e+00 1.172788899486974512e-01 -4.443363818098123197e+00 -3.912936372447144429e+00
-4.937500000000000000e+00 1.126455704891156095e-01 -4.440384405337784557e+00 -3.885731954358024431e+00
-4.921875000000000000e+00 1.080674172773862796e-01 -4.437547070627835488e+00 -3.858930126766770385e+00
-4.906250000000000000e+00 1.035438569697359479e-01 -4.434851092046010024e+00 -3.832527262531273404e+00
-4.890625000000000000e+00 9.907169366469210925e-02 -4.432298661351022240e+00 -3.806507730578932325e+00
-4.875000000000000000e+00 9.464930035914720374e-02 -4.429890311167589800e+00 -3.780863147970157989e+00
-4.859375000000000000e+00 9.027533202486855146e-02 -4.427626298484573120e+00 -3.755586442816810866e+00
-4.843750000000000000e+00 8.594848978950450635e-02 -4.425506857353489032e+00 -3.730670777650607395e+00
-4.828125000000000000e+00 8.166741252389325689e-02 -4.423532291920230897e+00 -3.706109035053358980e+00
-4.812500000000000000e+00 7.743025485074460368e-02 -4.421703327828157448e+00 -3.681891788046578018e+00
-4.796875000000000000e+00 7.323689123760802888e-02 -4.420019345056470428e+00 -3.658017903295533113e+00
-4.781250000000000000e+00 6.908705743212061046e-02 -4.418479819458113411e+00 -3.634485567147887064e+00
-4.765625000000000000e+00 6.497821943662833444e-02 -4.417086058007344995e+00 -3.611282069662312466e+00
-4.750000000000000000e+00 6.090902622243007242e-02 -4.415838481718485475e+00 -3.588400431949589020e+00
-4.734375000000000000e+00 5.687834827285551814e-02 -4.414737363021067118e+00 -3.565834756108665626e+00
-4.718750000000000000e+00 5.288509451485014223e-02 -4.413782962705885105e+00 -3.543579348914729366e+00
-4.703125000000000000e+00 4.892813781767956643e-02 -4.412975569162445488e+00 -3.521628341941906548e+00
-4.687500000000000000e+00 4.500604367120239480e-02 -4.412315609325014876e+00 -3.499974304942224279e+00
-4.671875000000000000e+00 4.111836993899817966e-02 -4.411803169238630140e+00 -3.478614918160523040e+00
-4.656250000000000000e+00 3.726495544293387946e-02 -4.411438217294645803e+00 -3.457549287226468149e+00
-4.640625000000000000e+00 3.344380997372211478e-02 -4.411221383947547814e+00 -3.436767137467705346e+00
-4.625000000000000000e+00 2.965379588965353849e-02 -4.411153050710630907e+00 -3.416262611069179833e+00
-4.609375000000000000e+00 2.589394753884597528e-02 -4.411233558682412514e+00 -3.396030748624609519e+00
-4.593750000000000000e+00 2.216333155004313049e-02 -4.411463248527237369e+00 -3.376066763367447265e+00
-4.578125000000000000e+00 1.846099562788340934e-02 -4.411842463379876733e+00 -3.356365771132885811e+00
-4.562500000000000000e+00 1.478580079542655967e-02 -4.412371493012261503e+00 -3.336921837607606189e+00
-4.546875000000000000e+00 1.113714342148076387e-02 -4.413050843027942705e+00 -3.317732080185443966e+00
-4.531250000000000000e+00 7.514842357715111748e-03 -4.413881142006252034e+00 -3.298795982397579429e+00
-4.515625000000000000e+00 3.917350709472127747e-03 -4.414862500502388265e+00 -3.280105280726273165e+00
-4.500000000000000000e+00 3.436979346912568604e-04 -4.415995302830679314e+00 -3.261655018440338782e+00
-4.484375000000000000e+00 -3.206957080990259067e-03 -4.417279998048410761e+00 -3.243440990156687853e+00
-4.468750000000000000e+00 -6.735430047774433431e-03 -4.418717051875240998e+00 -3.225459136598499477e+00
-4.453125000000000000e+00 -1.024254281516889277e-02 -4.420306908113079025e+00 -3.207705349140947515e+00
-4.437500000000000000e+00 -1.372921693658143982e-02 -4.422049824101615734e+00 -3.190174845673105608e+00
-4.421875000000000000e+00 -1.719612730076841914e-02 -4.423946554287197408e+00 -3.172864540993733051e+00
-4.406250000000000000e+00 -2.064356743033995620e-02 -4.425998548669228150e+00 -3.155773919323598520e+00
-4.390625000000000000e+00 -2.407270886825155568e-02 -4.428205473853046747e+00 -3.138896415521641892e+00
-4.375000000000000000e+00 -2.748438641339582059e-02 -4.430567738853846471e+00 -3.122227822596118862e+00
-4.359375000000000000e+00 -3.087934903232553152e-02 -4.433085936022860274e+00 -3.105764537899264432e+00
-4.343750000000000000e+00 -3.425832682874492552e-02 -4.435760689925973388e+00 -3.089503083055572752e+00
-4.328125000000000000e+00 -3.762204774369620058e-02 -4.438592590468403820e+00 -3.073439963036276090e+00
-4.312500000000000000e+00 -4.097127897263930923e-02 -4.441581941181670601e+00 -3.057571262220834196e+00
-4.296875000000000000e+00 -4.430670549635549321e-02 -4.444729629109549940e+00 -3.041893940360263393e+00
-4.281250000000000000e+00 -4.762878211646857929e-02 -4.448038043288400800e+00 -3.026407303015034689e+00
-4.265625000000000000e+00 -5.093837621144407801e-02 -4.451506487867993300e+00 -3.011106159512517699e+00
-4.250000000000000000e+00 -5.423621393965741971e-02 -4.455135406461859127e+00 -2.995986914819198432e+00
-4.234375000000000000e+00 -5.752297768930435262e-02 -4.458925564072209191e+00 -2.981046452855271589e+00
-4.218750000000000000e+00 -6.079933752329201579e-02 -4.462877776536469554e+00 -2.966281760946156254e+00
-4.203125000000000000e+00 -6.406595408855893237e-02 -4.466992812388198786e+00 -2.951689838062735660e+00
-4.187500000000000000e+00 -6.732347304993367698e-02 -4.471271045017505052e+00 -2.937267477050454989e+00
-4.171875000000000000e+00 -7.057255484784362431e-02 -4.475713413576814403e+00 -2.923011806994748163e+00
-4.156250000000000000e+00 -7.381392617363891073e-02 -4.480323577526565515e+00 -2.908921606167792273e+00
-4.140625000000000000e+00 -7.704815261716035923e-02 -4.485100389134307974e+00 -2.894992976373660376e+00
-4.125000000000000000e+00 -8.027585691038506555e-02 -4.490044288054900967e+00 -2.881222881476621644e+00
-4.109375000000000000e+00 -8.349767634779413361e-02 -4.495156238817450856e+00 -2.867608592349109919e+00
-4.093750000000000000e+00 -8.671424537661520660e-02 -4.500437292157698721e+00 -2.854147461948255859e+00
-4.078125000000000000e+00 -8.992618718346537254e-02 -4.505888446247928059e+00 -2.840836864429168163e+00
-4.062500000000000000e+00 -9.313408201913082884e-02 -4.511510265564229627e+00 -2.827674083233458813e+00
-4.046875000000000000e+00 -9.633853944331977059e-02 -4.517303671990548608e+00 -2.814656511732746225e+00
-4.031250000000000000e+00 -9.954049921001875689e-02 -4.523273403572893869e+00 -2.801782573163574153e+00
-4.015625000000000000e+00 -1.027403439223901344e-01 -4.529418170416731115e+00 -2.789049250666246316e+00
-4.000000000000000000e+00 -1.059386230337587831e-01 -4.535738453363800993e+00 -2.776453936075409690e+00
-3.984375000000000000e+00 -1.091359475365640402e-01 -4.542235449466065944e+00 -2.763994213689017876e+00
-3.968750000000000000e+00 -1.123329329481073668e-01 -4.548910466191486535e+00 -2.751667727487608239e+00
-3.953125000000000000e+00 -1.155301759690256086e-01 -4.555764735276738087e+00 -2.739472166917824136e+00
-3.937500000000000000e+00 -1.187281701287070529e-01 -4.562798864148372324e+00 -2.727405315385648343e+00
-3.921875000000000000e+00 -1.219274196023727441e-01 -4.570013547990073199e+00 -2.715464966030294747e+00
-3.906250000000000000e+00 -1.251294649674607740e-01 -4.577416143445018903e+00 -2.703648235881182860e+00
-3.890625000000000000e+00 -1.283343265487422724e-01 -4.585004422019938630e+00 -2.691953368608582586e+00
-3.875000000000000000e+00 -1.315424090860263517e-01 -4.592778580318220172e+00 -2.680378325105290394e+00
-3.859375000000000000e+00 -1.347543121204359540e-01 -4.600740066888917568e+00 -2.668920940847099299e+00
-3.843750000000000000e+00 -1.379706595903380240e-01 -4.608890528226176286e+00 -2.657579061380111796e+00
-3.828125000000000000e+00 -1.411920599699714729e-01 -4.617231549259312118e+00 -2.646350575851573073e+00
-3.812500000000000000e+00 -1.444190126733508606e-01 -4.625764115212859018e+00 -2.635233513750470546e+00
-3.796875000000000000e+00 -1.476519527414371369e-01 -4.634488857224082992e+00 -2.624225993874796270e+00
-3.781250000000000000e+00 -1.508926407286495797e-01 -4.643414128909730820e+00 -2.613324680167865566e+00
-3.765625000000000000e+00 -1.541410506422992432e-01 -4.652538022551654606e+00 -2.602528307261325224e+00
-3.750000000000000000e+00 -1.573975310229136226e-01 -4.661860787238218506e+00 -2.591835175194811658e+00
-3.734375000000000000e+00 -1.606626895470489036e-01 -4.671384181826296000e+00 -2.581243304524135418e+00
-3.718750000000000000e+00 -1.639371694032416282e-01 -4.681110204306546230e+00 -2.570750697692218978e+00
-3.703125000000000000e+00 -1.672215903331947806e-01 -4.691040762871779179e+00 -2.560355420060588028e+00
-3.687500000000000000e+00 -1.705164105739701008e-01 -4.701176977080087305e+00 -2.550055824505460755e+00
-3.671875000000000000e+00 -1.738218678698987829e-01 -4.711518865069201922e+00 -2.539850639002990906e+00
-3.656250000000000000e+00 -1.771405592603301771e-01 -4.722078422179985857e+00 -2.529734705406449624e+00
-3.640625000000000000e+00 -1.804721528134564656e-01 -4.732852891295519449e+00 -2.519707779217440269e+00
-3.625000000000000000e+00 -1.838167791315742650e-01 -4.743841851980565849e+00 -2.509768842949072098e+00
-3.609375000000000000e+00 -1.871750585840614711e-01 -4.755047370226487935e+00 -2.499916076925105202e+00
-3.593750000000000000e+00 -1.905476878314211198e-01 -4.766471924808881155e+00 -2.490147547792243454e+00
-3.578125000000000000e+00 -1.939353639836953191e-01 -4.778118022831756129e+00 -2.480461347271075923e+00
-3.562500000000000000e+00 -1.973387311425396085e-01 -4.789987936792659440e+00 -2.470855674081905207e+00
-3.546875000000000000e+00 -2.007583183373400082e-01 -4.802083387756483468e+00 -2.461328944033717381e+00
-3.531250000000000000e+00 -2.041955319311294925e-01 -4.814410480447818053e+00 -2.451878075341313412e+00
-3.515625000000000000e+00 -2.076507666628760185e-01 -4.826970339234201823e+00 -2.442501764604625869e+00
-3.500000000000000000e+00 -2.111245144127829321e-01 -4.839764585809639641e+00 -2.433198556124164913e+00
-3.484375000000000000e+00 -2.146174628897516146e-01 -4.852795833095392197e+00 -2.423966668247501843e+00
-3.468750000000000000e+00 -2.181303074712377665e-01 -4.866066765319952303e+00 -2.414804325409184216e+00
-3.453125000000000000e+00 -2.216636198025425386e-01 -4.879579511731671815e+00 -2.405710019287185641e+00
-3.437500000000000000e+00 -2.252186556833325748e-01 -4.893339417394075852e+00 -2.396680913597935447e+00
-3.421875000000000000e+00 -2.287960295603688465e-01 -4.907348868748190540e+00 -2.387715457246428308e+00
-3.406250000000000000e+00 -2.323962247253241187e-01 -4.921609666271965722e+00 -2.378812369115513636e+00
-3.390625000000000000e+00 -2.360199843013308652e-01 -4.936124839524087982e+00 -2.369969874246045105e+00
-3.375000000000000000e+00 -2.396680720477845361e-01 -4.950897538659118524e+00 -2.361186177562763167e+00
-3.359375000000000000e+00 -2.433411175919436842e-01 -4.965930324561670162e+00 -2.352459772559996942e+00
-3.343750000000000000e+00 -2.470403294018058693e-01 -4.981228433439109260e+00 -2.343787997837152304e+00
-3.328125000000000000e+00 -2.507667100299329488e-01 -4.996796186132428375e+00 -2.335168636987576374e+00
-3.312500000000000000e+00 -2.545206139742400842e-01 -5.012634968954008841e+00 -2.326600797163574708e+00
-3.296875000000000000e+00 -2.583028301397808923e-01 -5.028748172715276965e+00 -2.318082725258039822e+00
-3.281250000000000000e+00 -2.621141993463107500e-01 -5.045139454011438929e+00 -2.309612582351382670e+00
-3.265625000000000000e+00 -2.659554246999073501e-01 -5.061811903663024026e+00 -2.301188855132481503e+00
-3.250000000000000000e+00 -2.698276244131648238e-01 -5.078770434227179997e+00 -2.292809132620394319e+00
-3.234375000000000000e+00 -2.737323923584402685e-01 -5.096022040523192409e+00 -2.284469980277266554e+00
-3.218750000000000000e+00 -2.776698725764019104e-01 -5.113567484650427097e+00 -2.276171181570368240e+00
-3.203125000000000000e+00 -2.816408739563100450e-01 -5.131410419864980810e+00 -2.267911066431659517e+00
-3.187500000000000000e+00 -2.856463418146741318e-01 -5.149555113585318367e+00 -2.259687684021275178e+00
-3.171875000000000000e+00 -2.896871297257479494e-01 -5.168005458914223915e+00 -2.251499302589028417e+00
-3.156250000000000000e+00 -2.937641964019114815e-01 -5.186765833968616235e+00 -2.243343976436822373e+00
-3.140625000000000000e+00 -2.978796218262969586e-01 -5.205845535136742974e+00 -2.235217346499683178e+00
-3.125000000000000000e+00 -3.020335995670501150e-01 -5.225245675053847627e+00 -2.227119185911373478e+00
-3.109375000000000000e+00 -3.062269455336171231e-01 -5.244970095143017375e+00 -2.219047929073371783e+00
-3.093750000000000000e+00 -3.104607089673913634e-01 -5.265023684171760365e+00 -2.211001521411138704e+00
-3.078125000000000000e+00 -3.147358482672871771e-01 -5.285410999740786764e+00 -2.202978153654308713e+00
-3.062500000000000000e+00 -3.190530856397555404e-01 -5.306135655884756552e+00 -2.194976596764283361e+00
-3.046875000000000000e+00 -3.234155235491141256e-01 -5.327211063594004870e+00 -2.186990006313604962e+00
-3.031250000000000000e+00 -3.278232377109445150e-01 -5.348638263001014082e+00 -2.179018741658889535e+00
-3.015625000000000000e+00 -3.322768134754743863e-01 -5.370420407304564492e+00 -2.171061970925570961e+00
-3.000000000000000000e+00 -3.367774336352230558e-01 -5.392563124809474751e+00 -2.163117465051886068e+00
-2.984375000000000000e+00 -3.413262921706395892e-01 -5.415072122555741885e+00 -2.155182994440490774e+00
-2.968750000000000000e+00 -3.459241636739817660e-01 -5.437951411293510340e+00 -2.147257334589642408e+00
-2.953125000000000000e+00 -3.505741059771939616e-01 -5.461214435742514084e+00 -2.139333914000652648e+00
-2.937500000000000000e+00 -3.552769883157191333e-01 -5.484865685211955721e+00 -2.131411348930615013e+00
-2.921875000000000000e+00 -3.600332821343975032e-01 -5.508908032839554103e+00 -2.123489219843014641e+00
-2.906250000000000000e+00 -3.648443008327306170e-01 -5.533347852810107881e+00 -2.115565141938846594e+00
-2.890625000000000000e+00 -3.697113897880866529e-01 -5.558191699758711302e+00 -2.107636692174939874e+00
-2.875000000000000000e+00 -3.746352597781568705e-01 -5.583443659218066735e+00 -2.099703050577599317e+00
-2.859375000000000000e+00 -3.796192899458847858e-01 -5.609118402777222734e+00 -2.091756811619380763e+00
-2.843750000000000000e+00 -3.846658092711083277e-01 -5.635226512626982931e+00 -2.083793215755721295e+00
-2.828125000000000000e+00 -3.897742656773724446e-01 -5.661767216064518493e+00 -2.075814671030266734e+00
-2.812500000000000000e+00 -3.949460688338954917e-01 -5.688747518872673936e+00 -2.067818744263227426e+00
-2.796875000000000000e+00 -4.001829213944879671e-01 -5.716175631993212214e+00 -2.059802302815771036e+00
-2.781250000000000000e+00 -4.054863547784067768e-01 -5.744059135777026981e+00 -2.051762682203611465e+00
-2.765625000000000000e+00 -4.108585160943834524e-01 -5.772408070876236863e+00 -2.043695701505153561e+00
-2.750000000000000000e+00 -4.163022010307413923e-01 -5.801235067260591904e+00 -2.035595598347509583e+00
-2.734375000000000000e+00 -4.218181288339878376e-01 -5.830544675712176605e+00 -2.027461849840292540e+00
-2.718750000000000000e+00 -4.274079680972722173e-01 -5.860345205003798519e+00 -2.019291582049035583e+00
-2.703125000000000000e+00 -4.330734576503370015e-01 -5.890645296670330211e+00 -2.011081791431037935e+00
-2.687500000000000000e+00 -4.388167566532060193e-01 -5.921455260158099421e+00 -2.002828435027349308e+00
-2.671875000000000000e+00 -4.446409556259879881e-01 -5.952789045934063772e+00 -1.994525128828955385e+00
-2.656250000000000000e+00 -4.505469624519592986e-01 -5.984652269556532289e+00 -1.986171120574169446e+00
-2.640625000000000000e+00 -4.565366812997219692e-01 -6.017054424507034760e+00 -1.977763139994078490e+00
-2.625000000000000000e+00 -4.626121449189442014e-01 -6.050005563358024752e+00 -1.969297637800433876e+00
-2.609375000000000000e+00 -4.687756368778903115e-01 -6.083516746627825711e+00 -1.960770452415142806e+00
-2.593750000000000000e+00 -4.750310535412308743e-01 -6.117605183573925132e+00 -1.952173260214257189e+00
-2.578125000000000000e+00 -4.813793615915176738e-01 -6.152277108542202555e+00 -1.943505445218484340e+00
-2.562500000000000000e+00 -4.878226501089562017e-01 -6.187543041272234312e+00 -1.934763497410326050e+00
-2.546875000000000000e+00 -4.943632645286397120e-01 -6.223414554276594401e+00 -1.925943301342696756e+00
-2.531250000000000000e+00 -5.010035898330450488e-01 -6.259903441719644412e+00 -1.917040691818635789e+00
-2.515625000000000000e+00 -5.077487033978854702e-01 -6.297031374005197080e+00 -1.908044262176584294e+00
-2.500000000000000000e+00 -5.145995434122817569e-01 -6.334805049566263335e+00 -1.898953892570954149e+00
-2.484375000000000000e+00 -5.215583183407788148e-01 -6.373235849176459134e+00 -1.889766066490787821e+00
-2.468750000000000000e+00 -5.286278015508953931e-01 -6.412337278101378324e+00 -1.880475783788413846e+00
-2.453125000000000000e+00 -5.358105648831555934e-01 -6.452122176636710726e+00 -1.871078643675132769e+00
-2.437500000000000000e+00 -5.431126386480767954e-01 -6.492616169775621948e+00 -1.861561014970342320e+00
-2.421875000000000000e+00 -5.505354000913355028e-01 -6.533827925338462350e+00 -1.851921862538936425e+00
-2.406250000000000000e+00 -5.580812107325519023e-01 -6.575769791587198654e+00 -1.842157558332930822e+00
-2.390625000000000000e+00 -5.657532583352422595e-01 -6.618457289587743375e+00 -1.832262352779133296e+00
-2.375000000000000000e+00 -5.735540831108654203e-01 -6.661903870089216362e+00 -1.822232466408157281e+00
-2.359375000000000000e+00 -5.814918183159851761e-01 -6.706142147638840534e+00 -1.812048078514072680e+00
-2.343750000000000000e+00 -5.895680023544723758e-01 -6.751182412587422021e+00 -1.801708482603842310e+00
-2.328125000000000000e+00 -5.977846535010287177e-01 -6.797036679836830686e+00 -1.791211654695948230e+00
-2.312500000000000000e+00 -6.061455777418440771e-01 -6.843723137083297381e+00 -1.780550478600098518e+00
-2.296875000000000000e+00 -6.146538337511857630e-01 -6.891257431650784859e+00 -1.769719998995693100e+00
-2.281250000000000000e+00 -6.233182917658196542e-01 -6.939675731268053482e+00 -1.758699038497109735e+00
-2.265625000000000000e+00 -6.321419950749502803e-01 -6.988993957310443150e+00 -1.747482926218037136e+00
-2.250000000000000000e+00 -6.411269689256812176e-01 -7.039224570895441069e+00 -1.736069930101191483e+00
-2.234375000000000000e+00 -6.502776307342950091e-01 -7.090388573112553772e+00 -1.724451711308942592e+00
-2.218750000000000000e+00 -6.595973221377278151e-01 -7.142503624498150572e+00 -1.712623271305254491e+00
-2.203125000000000000e+00 -6.690965696971736820e-01 -7.195611303736144215e+00 -1.700558490710123882e+00
-2.187500000000000000e+00 -6.787805317318276188e-01 -7.249735664379783451e+00 -1.688247284206243704e+00
-2.171875000000000000e+00 -6.886500764354845927e-01 -7.304886721683313766e+00 -1.675692359501338657e+00
-2.156250000000000000e+00 -6.987106132535317871e-01 -7.361089640302372672e+00 -1.662883097975936142e+00
-2.140625000000000000e+00 -7.089678524415841121e-01 -7.418370866493356530e+00 -1.649808202060005113e+00
-2.125000000000000000e+00 -7.194294130146308142e-01 -7.476762889728965966e+00 -1.636450534765056641e+00
-2.109375000000000000e+00 -7.301022939554896451e-01 -7.536296527960385738e+00 -1.622795071330443317e+00
-2.093750000000000000e+00 -7.409911653951928301e-01 -7.596995727858446124e+00 -1.608834282864336718e+00
-2.078125000000000000e+00 -7.521021739983830834e-01 -7.658889248751989953e+00 -1.594556225655284765e+00
-2.062500000000000000e+00 -7.634437072053328333e-01 -7.722012497600624137e+00 -1.579941768058761964e+00
-2.046875000000000000e+00 -7.750223960895219477e-01 -7.786396236604065102e+00 -1.564977828968846962e+00
-2.031250000000000000e+00 -7.868444262101520481e-01 -7.852070187648912736e+00 -1.549652965841000540e+00
-2.015625000000000000e+00 -7.989169193665797142e-01 -7.919066546392141248e+00 -1.533952506404220539e+00
-2.000000000000000000e+00 -8.112506207448085815e-01 -7.987431174398159861e+00 -1.517852312930457304e+00
-1.984375000000000000e+00 -8.238522478022365370e-01 -8.057195362771052416e+00 -1.501339228673552073e+00
-1.968750000000000000e+00 -8.367290618164653360e-01 -8.128392795114031344e+00 -1.484398928510195281e+00
-1.953125000000000000e+00 -8.498898166689192735e-01 -8.201063606372915871e+00 -1.467013793077375006e+00
-1.937500000000000000e+00 -8.633462686357509241e-01 -8.275250635316346859e+00 -1.449151996543966758e+00
-1.921875000000000000e+00 -8.771063119577703349e-01 -8.350995508314307259e+00 -1.430801659175845453e+00
-1.906250000000000000e+00 -8.911789745759258752e-01 -8.428340582809425996e+00 -1.411945325048979072e+00
-1.890625000000000000e+00 -9.055746111280713606e-01 -8.507330344890892349e+00 -1.392559946564563944e+00
-1.875000000000000000e+00 -9.203085040240152059e-01 -8.588028696681755392e+00 -1.372610215212137774e+00
-1.859375000000000000e+00 -9.353876785355151879e-01 -8.670466907717306881e+00 -1.352081297631517742e+00
-1.843750000000000000e+00 -9.508224470124767569e-01 -8.754690600607885287e+00 -1.330951213811235601e+00
-1.828125000000000000e+00 -9.666259986958620765e-01 -8.840755600218056287e+00 -1.309189989096822826e+00
-1.812500000000000000e+00 -9.828162679473145813e-01 -8.928731169480338181e+00 -1.286751959290370451e+00
-1.796875000000000000e+00 -9.994011655764755142e-01 -9.018661016303907374e+00 -1.263626691870724628e+00
-1.781250000000000000e+00 -1.016393252764690613e+00 -9.110600650657906030e+00 -1.239787370349023199e+00
-1.765625000000000000e+00 -1.033809220540995222e+00 -9.204616588696346469e+00 -1.215193011844807769e+00
-1.750000000000000000e+00 -1.051668280794143540e+00 -9.300782403709485280e+00 -1.189794238464352949e+00
-1.734375000000000000e+00 -1.069980447570077597e+00 -9.399149549745263954e+00 -1.163574985729772360e+00
-1.718750000000000000e+00 -1.088760634427906160e+00 -9.499782761516913254e+00 -1.136502547894106652e+00
-1.703125000000000000e+00 -1.108030939534070392e+00 -9.602765174472191134e+00 -1.108519031219243445e+00
-1.687500000000000000e+00 -1.127812710609215063e+00 -9.708179125251065855e+00 -1.079569996065993021e+00
-1.671875000000000000e+00 -1.148117058559482206e+00 -9.816083121793862887e+00 -1.049638666830427614e+00
-1.656250000000000000e+00 -1.168963427250106157e+00 -9.926556749797564194e+00 -1.018678850424725502e+00
-1.640625000000000000e+00 -1.190375777288069647e+00 -1.003969142245520629e+01 -9.866287082854721113e-01
-1.625000000000000000e+00 -1.212376351831503607e+00 -1.015557571057074959e+01 -9.534335746079477536e-01
-1.609375000000000000e+00 -1.234985350934206139e+00 -1.027429455454861795e+01 -9.190471274590513717e-01
-1.593750000000000000e+00 -1.258228585794055832e+00 -1.039594718743047075e+01 -8.834033131885702383e-01
-1.578125000000000000e+00 -1.282130169490409033e+00 -1.052063034063411706e+01 -8.464433974119855986e-01
-1.562500000000000000e+00 -1.306714130504583071e+00 -1.064844199015909787e+01 -8.081100178728994887e-01
-1.546875000000000000e+00 -1.332010832318563986e+00 -1.077949563627466389e+01 -7.683230856022820188e-01
-1.531250000000000000e+00 -1.358047805052681856e+00 -1.091390049146841257e+01 -7.270146342208499979e-01
-1.515625000000000000e+00 -1.384852849799008023e+00 -1.105176810456184811e+01 -6.841169633647907755e-01
-1.500000000000000000e+00 -1.412461685599137873e+00 -1.119322827783283891e+01 -6.395331098512829771e-01
-1.484375000000000000e+00 -1.440905722008487988e+00 -1.133840431993153253e+01 -5.931845782806656198e-01
-1.468750000000000000e+00 -1.470217222386499989e+00 -1.148742347820894238e+01 -5.449911701077663206e-01
-1.453125000000000000e+00 -1.500438568696730979e+00 -1.164043464276452866e+01 -4.948340550576425523e-01
-1.437500000000000000e+00 -1.531605594064163967e+00 -1.179757748439919851e+01 -4.426229399831093092e-01
-1.421875000000000000e+00 -1.563755940915383613e+00 -1.195899774016773698e+01 -3.882622442211288161e-01
-1.406250000000000000e+00 -1.596939868915129734e+00 -1.212486624351618048e+01 -3.316068188845654463e-01
-1.390625000000000000e+00 -1.631198665532186176e+00 -1.229534205833912708e+01 -2.725512490331335469e-01
-1.375000000000000000e+00 -1.666576882907731427e+00 -1.247059310182909186e+01 -2.109790346143435302e-01
-1.359375000000000000e+00 -1.703133289473097056e+00 -1.265081449925164492e+01 -1.467170360226670578e-01
-1.343750000000000000e+00 -1.740916630921328423e+00 -1.283618924981066733e+01 -7.963725467478999231e-02
-1.328125000000000000e+00 -1.779980921085243084e+00 -1.302691278836965694e+01 -9.592437544405148231e-03
-1.312500000000000000e+00 -1.820390863800035230e+00 -1.322320261708933486e+01 6.360606981830559115e-02
-1.296875000000000000e+00 -1.862207737582460165e+00 -1.342527471753440516e+01 1.401295606455669196e-01
-1.281250000000000000e+00 -1.905497747571447187e+00 -1.363335787264590948e+01 2.201664660854466826e-01
-1.265625000000000000e+00 -1.950332806522371953e+00 -1.384769527824178681e+01 3.039253834966537671e-01
-1.250000000000000000e+00 -1.996788101223777145e+00 -1.406854026058888785e+01 3.916251005810463814e-01
-1.234375000000000000e+00 -2.044943258381384243e+00 -1.429615871228635626e+01 4.834990933813838043e-01
-1.218750000000000000e+00 -2.094882895022724068e+00 -1.453082974109730507e+01 5.797980128173615411e-01
-1.203125000000000000e+00 -2.146696900248330042e+00 -1.477284685292838518e+01 6.807903379382498343e-01
-1.187500000000000000e+00 -2.200480880200190281e+00 -1.502251920184723488e+01 7.867638495498266993e-01
-1.171875000000000000e+00 -2.256335880646950898e+00 -1.528016658151570972e+01 8.980278329930968528e-01
-1.156250000000000000e+00 -2.314371086390805132e+00 -1.554613830964751742e+01 1.014913706967964346e+00
-1.140625000000000000e+00 -2.374700083125443673e+00 -1.582078182314714709e+01 1.137778026838287104e+00
-1.125000000000000000e+00 -2.437445986202957382e+00 -1.610447750043699955e+01 1.267004466280797992e+00
-1.109375000000000000e+00 -2.502740831727797044e+00 -1.639763074044389768e+01 1.403006373699502651e+00
-1.093750000000000000e+00 -2.570722300108036151e+00 -1.670064582355190197e+01 1.546228383371995863e+00
-1.078125000000000000e+00 -2.641535694460442230e+00 -1.701394545542900261e+01 1.697142669129182657e+00
-1.062500000000000000e+00 -2.715345890909516946e+00 -1.733801884345202282e+01 1.856277949608921451e+00
-1.046875000000000000e+00 -2.792326171546090308e+00 -1.767337470900434582e+01 2.024193905935018467e+00
-1.031250000000000000e+00 -2.872649030007973003e+00 -1.802046689636013355e+01 2.201486468797183349e+00
-1.015625000000000000e+00 -2.956502906225172644e+00 -1.837980383213666613e+01 2.388797341317789424e+00
-1.000000000000000000e+00 -3.044111546291306425e+00 -1.875202842936453251e+01 2.586859495817218413e+00
-9.843750000000000000e-01 -3.135700217273287294e+00 -1.913775202869728886e+01 2.796437419790391843e+00
-9.687500000000000000e-01 -3.231494594434282774e+00 -1.953750731724903034e+01 3.018355854851428433e+00
-9.531250000000000000e-01 -3.331750097154317913e+00 -1.995197486370811646e+01 3.253490926088520308e+00
-9.375000000000000000e-01 -3.436755318673164528e+00 -2.038185696489045284e+01 3.502881715908455540e+00
-9.218750000000000000e-01 -3.546798844521573901e+00 -2.082788723172621914e+01 3.767544193598705959e+00
-9.062500000000000000e-01 -3.662203954732424549e+00 -2.129078619957296681e+01 4.048691173696250978e+00
-8.906250000000000000e-01 -3.783308955352699066e+00 -2.177137362113022334e+01 4.347543368476911141e+00
-8.750000000000000000e-01 -3.910485733901288619e+00 -2.227044825699420016e+01 4.665518170935435194e+00
-8.593750000000000000e-01 -4.044137219072060141e+00 -2.278886665810557588e+01 5.004157845339758381e+00
-8.437500000000000000e-01 -4.184686386934963309e+00 -2.332756349739645430e+01 5.365055209034491845e+00
-8.281250000000000000e-01 -4.332602571535200120e+00 -2.388746629251308207e+01 5.750058498255543604e+00
-8.125000000000000000e-01 -4.488388884812573032e+00 -2.446955539599998630e+01 6.161159243434148891e+00
-7.968750000000000000e-01 -4.652589257467037775e+00 -2.507485078835935255e+01 6.600540001869739548e+00
-7.812500000000000000e-01 -4.825793557000277900e+00 -2.570440033560124604e+01 7.070610635243575359e+00
-7.656250000000000000e-01 -5.008639308707763860e+00 -2.635929242400381156e+01 7.574008279896012219e+00
-7.500000000000000000e-01 -5.201818544680905099e+00 -2.704063992636310942e+01 8.113646127968641153e+00
-7.343750000000000000e-01 -5.406082547317764941e+00 -2.774956683253472889e+01 8.692748883737364096e+00
-7.187500000000000000e-01 -5.622244642920301239e+00 -2.848722323982909188e+01 9.314856785221506286e+00
-7.031250000000000000e-01 -5.851189570601852630e+00 -2.925475941828840121e+01 9.983895286194838903e+00
-6.875000000000000000e-01 -6.093878326782202315e+00 -3.005329247444889873e+01 1.070422577532745656e+01
-6.718750000000000000e-01 -6.351353088034302985e+00 -3.088393479709570499e+01 1.148065117451863415e+01
-6.562500000000000000e-01 -6.624748402544483383e+00 -3.174772690591704460e+01 1.231852583941550705e+01
-6.406250000000000000e-01 -6.915296386856538469e+00 -3.264563612391248171e+01 1.322378458757459718e+01
-6.250000000000000000e-01 -7.224335364924264979e+00 -3.357848068741508030e+01 1.420304526544668988e+01
-6.093750000000000000e-01 -7.553318252741963335e+00 -3.454691828673949061e+01 1.526366245498655161e+01
-5.937500000000000000e-01 -7.903822906188303854e+00 -3.555137095123124169e+01 1.641383868528516743e+01
-5.781250000000000000e-01 -8.277558826008805326e+00 -3.659194093366983225e+01 1.766272264252416946e+01
-5.625000000000000000e-01 -8.676375280452601757e+00 -3.766831328399597112e+01 1.902052482299403380e+01
-5.468750000000000000e-01 -9.102275153854671785e+00 -3.877965690911091912e+01 2.049866520217814525e+01
-5.312500000000000000e-01 -9.557405154301582328e+00 -3.992440685326062777e+01 2.210988092048579290e+01
-5.156250000000000000e-01 -1.004408198844194544e+01 -4.110017209740883004e+01 2.386843546201546573e+01
-5.000000000000000000e-01 -1.056477321065136898e+01 -4.230340069094963695e+01 2.579026217399705345e+01
-4.843750000000000000e-01 -1.112209804391385148e+01 -4.352912306093043071e+01 2.789315790754769608e+01
-4.687500000000000000e-01 -1.171882041603778646e+01 -4.477059909537047133e+01 3.019700551540823241e+01
-4.531250000000000000e-01 -1.235781461975420115e+01 -4.601881027439710437e+01 3.272396287200476905e+01
-4.375000000000000000e-01 -1.304201573727335095e+01 -4.726185708126249807e+01 3.549863945072933546e+01
-4.218750000000000000e-01 -1.377436498614024174e+01 -4.848429675351789570e+01 3.854828944527718448e+01
-4.062500000000000000e-01 -1.455767034807936433e+01 -4.966603693706314004e+01 4.190287483800233304e+01
-3.906250000000000000e-01 -1.539448275776076791e+01 -5.078135657268524028e+01 4.559511869172140308e+01
-3.750000000000000000e-01 -1.628687708966799264e+01 -5.179747903771821882e+01 4.966037445493676472e+01
-3.593750000000000000e-01 -1.723615040112859376e+01 -5.267286035150543455e+01 5.413625849140657920e+01
-3.437500000000000000e-01 -1.824240971631947517e+01 -5.335514313816656085e+01 5.906193253754766914e+01
-3.281250000000000000e-01 -1.930400478081902804e+01 -5.377875496516796971e+01 6.447681105841483884e+01
-3.125000000000000000e-01 -2.041681206631113454e+01 -5.386221263056121700e+01 7.041868209739951112e+01
-2.968750000000000000e-01 -2.157322799973697158e+01 -5.350501275822476543e+01 7.692056270184100697e+01
-2.812500000000000000e-01 -2.276091674558350419e+01 -5.258451844240627793e+01 8.400623163764802825e+01
-2.656250000000000000e-01 -2.396121373255358122e+01 -5.095310843643071053e+01 9.168370901484516367e+01
-2.500000000000000000e-01 -2.514720915544945967e+01 -4.843616440347489061e+01 9.993638962586837238e+01
-2.343750000000000000e-01 -2.628150158986451146e+01 -4.483208861558505021e+01 1.087108978705919498e+02
-2.187500000000000000e-01 -2.731398080046939114e+01 -3.991617024368604660e+01 1.179022624891251070e+02
-2.031250000000000000e-01 -2.817989800205246098e+01 -3.345030141175657690e+01 1.273363293721741485e+02
-1.875000000000000000e-01 -2.879895018959619435e+01 -2.520138118522085691e+01 1.367512476255045328e+02
-1.718750000000000000e-01 -2.907641907626205935e+01 -1.497102422088623541e+01 1.457817231637544921e+02
-1.562500000000000000e-01 -2.890762231043104435e+01 -2.637830105876347364e+00 1.539518945251348043e+02
-1.406250000000000000e-01 -2.818717170185736620e+01 1.178916776413161749e+01 1.606859396192506608e+02
-1.250000000000000000e-01 -2.682351763198999706e+01 2.811441954971437696e+01 1.653453029833434016e+02
-1.093750000000000000e-01 -2.475793842708370462e+01 4.591176715386102103e+01 1.672987790564589261e+02
-9.375000000000000000e-02 -2.198444840431680447e+01 6.451321328440337766e+01 1.660217636667687771e+02
-7.812500000000000000e-02 -1.856469145675273680e+01 8.304987572117470052e+01 1.612069187567552433e+02
-6.250000000000000000e-02 -1.463105613306668573e+01 1.005513827088595491e+02 1.528542753330754635e+02
-4.687500000000000000e-02 -1.037390658307760027e+01 1.160871491245669915e+02 1.413063954464321910e+02
-3.125000000000000000e-02 -6.014353459920763534e+00 1.289125187675374775e+02 1.272089921096814606e+02
-1.562500000000000000e-02 -1.769341345120759135e+00 1.385804958763761192e+02 1.114046618915567421e+02
0.000000000000000000e+00 2.184375816780048662e+00 1.450166221172376595e+02 9.479341433740044920e+01
